90
資工系館 2250 1250 100 100 13 5 0
博理館 2375 1250 100 100 14 5 1
法律學研究所 2375 1125 100 100 14 4 2
霖澤館 2375 1000 100 100 14 3 3
社科院工地 2375 875 100 100 14 2 4
社科院工地 2250 875 100 100 13 2 4
語言中心 2125 875 100 100 12 2 5
視聽館 2000 875 100 100 11 2 6
計中 1875 875 100 100 10 2 7
女八舍 1750 875 100 100 9 2 8
數學系館 1625 875 100 100 8 2 9
思亮館 1625 750 100 100 8 1 10
天文數學館 1500 750 100 100 7 1 11
醉月湖 1375 750 100 100 6 1 12
物理學研究所 1250 750 100 100 5 1 13
全球變遷中心 1125 750 100 100 4 1 14
綜合體育館 1000 750 100 100 3 1 15
運動場 1000 875 100 100 3 2 16
運動場 1000 1000 100 100 3 3 17
運動場 1000 1125 100 100 3 4 17
普通教室 1000 1250 100 100 3 5 17
小福 1125 1250 100 100 4 5 18
郵局 1250 1250 100 100 5 5 19
化學系館 1375 1250 100 100 6 5 20
化工系館 1500 1250 100 100 7 5 21
土木工程學研究所 1500 1375 100 100 7 6 22
文學院 1500 1500 100 100 7 7 23
四號館 1500 1625 100 100 7 8 24
五號館 1500 1750 100 100 7 9 25
行政大樓 1375 1750 100 100 6 9 26
行政大樓 1250 1750 100 100 5 9 26
校長室 1125 1750 100 100 4 9 27
三號館 1000 1750 100 100 3 9 28
二號館 875 1750 100 100 2 9 29
一號館 750 1750 100 100 1 9 30
植微標本館 750 1875 100 100 1 10 31
女一舍 750 2000 100 100 1 11 32
女三舍 750 2125 100 100 1 12 33
女五舍 750 2250 100 100 1 13 34
女二舍 750 2375 100 100 1 14 35
大一女舍 750 2500 100 100 1 15 36
ATM 875 2500 100 100 2 15 37
研一舍 1000 2500 100 100 3 15 38
地質科學系館 1125 2500 100 100 4 15 39
駐衛警察隊 1125 2625 100 100 4 16 40
駐衛警察隊 1125 2750 100 100 4 17 40
銘傳國小 1125 2875 100 100 4 18 41
台大附設幼稚園 1125 3000 100 100 4 19 42
二活 1250 3000 100 100 5 19 43
財務金融學研究所 1375 3000 100 100 6 19 44
大氣系 1500 3000 100 100 7 19 45
地質環境資源學系 1500 2875 100 100 7 18 46
鹿鳴雅舍 1500 2750 100 100 7 17 47
鹿鳴堂 1500 2625 100 100 7 16 48
小小福 1500 2500 100 100 7 15 49
共同教室 1500 2375 100 100 7 14 50
生命科學館 1625 2375 100 100 8 14 51
生態池 1625 2250 100 100 8 13 52
森林系 1625 2125 100 100 8 12 53
衛生保健及醫療中心 1625 2000 100 100 8 11 54
衛生保健及醫療中心 1750 2000 100 100 9 11 54
總圖 1875 2000 100 100 10 11 55
工科海洋系館 2000 2000 100 100 11 11 56
環境工程系館 2125 2000 100 100 12 11 57
生機電系館 2250 2000 100 100 13 11 58
明達館 2375 2000 100 100 14 11 59
ATM 2375 2125 100 100 14 12 60
男一舍 2375 2250 100 100 14 13 61
男一舍 2375 2375 100 100 14 14 61
男五舍 2500 2375 100 100 15 14 62
男三舍 2625 2375 100 100 16 14 63
男七舍 2750 2375 100 100 17 14 64
男六舍 2750 2250 100 100 17 13 65
男八舍 2750 2125 100 100 17 12 66
BOT 2750 2000 100 100 17 11 67
地震球場 2750 1875 100 100 17 10 68
教職員宿舍(2) 2750 1750 100 100 17 9 69
教職員宿舍(1) 2750 1625 100 100 17 8 70
電機二館 2625 1625 100 100 16 8 71
獸醫學系 2500 1625 100 100 15 8 72
材料學研究所 2375 1625 100 100 14 8 73
活大 2250 1625 100 100 13 8 74
機械學研究所 2125 1625 100 100 12 8 75
綜合教室 2000 1625 100 100 11 8 76
電機一館 1875 1625 100 100 10 8 77
生化學研究所 1875 1500 100 100 10 7 78
新生大樓 1875 1375 100 100 10 6 79
女九 1875 1250 100 100 10 5 80
心理學研究所 2000 1250 100 100 11 5 81
社工館 2125 1250 100 100 12 5 82
// 名稱 左上x 左上y 寬 高 x y landindex